Epoch  AP@[IoU=0.50:0.95]  AP@[IoU=0.5]  AP@[IoU=0.75]  AP@[area=small]  AP@[area=middle]  AP@[area=large]  AR@[1 per image]  AR@[10 per image]  AR@[100 per image]  AR@[area=small]  AR@[area=middle]  AR@[area=large]  mloss  lr
epoch:   1  0.1054  0.1932  0.1003  0.0121  0.0731  0.1396  0.1417  0.2062  0.2089  0.0412  0.1730  0.2351  0.0382  0.010000
epoch:   2  0.2077  0.3807  0.2037  0.0249  0.1550  0.2589  0.2251  0.3288  0.3353  0.0678  0.2681  0.3783  0.0356  0.009997
epoch:   3  0.2696  0.4999  0.2583  0.0466  0.1843  0.3397  0.2817  0.4127  0.4233  0.1359  0.3327  0.4721  0.0327  0.009997
epoch:   4  0.3507  0.5779  0.3734  0.0384  0.2340  0.4386  0.3431  0.4896  0.4996  0.0964  0.3767  0.5716  0.0312  0.009987
epoch:   5  0.3423  0.5617  0.3688  0.1028  0.2621  0.4075  0.3268  0.4796  0.4898  0.1863  0.4077  0.5420  0.0310  0.009971
epoch:   6  0.3638  0.5825  0.3899  0.0730  0.2700  0.4425  0.3443  0.5009  0.5108  0.1930  0.4232  0.5695  0.0302  0.009948
epoch:   7  0.3825  0.6155  0.4230  0.0689  0.2834  0.4630  0.3514  0.5171  0.5270  0.1497  0.4337  0.5930  0.0295  0.009918
epoch:   8  0.3805  0.6005  0.4282  0.0961  0.2874  0.4539  0.3503  0.5114  0.5233  0.1954  0.4360  0.5788  0.0289  0.009883
epoch:   9  0.4008  0.6101  0.4450  0.1033  0.2764  0.4858  0.3724  0.5254  0.5357  0.1914  0.4195  0.6084  0.0284  0.009841
epoch:  10  0.3932  0.5998  0.4258  0.1017  0.2825  0.4786  0.3679  0.5301  0.5409  0.1952  0.4363  0.6086  0.0280  0.009792
epoch:  11  0.4026  0.6191  0.4397  0.1032  0.2533  0.4990  0.3748  0.5320  0.5415  0.2087  0.4074  0.6190  0.0287  0.009738
epoch:  12  0.3847  0.6164  0.4242  0.0991  0.2916  0.4642  0.3549  0.5144  0.5238  0.1842  0.4413  0.5901  0.0276  0.009677
epoch:  13  0.4120  0.6230  0.4603  0.1086  0.2935  0.5025  0.3828  0.5487  0.5613  0.2110  0.4617  0.6244  0.0279  0.009610
epoch:  14  0.4092  0.6172  0.4474  0.1056  0.2872  0.4915  0.3749  0.5387  0.5494  0.2131  0.4427  0.6158  0.0278  0.009538
epoch:  15  0.3976  0.6068  0.4333  0.0903  0.2772  0.4905  0.3756  0.5388  0.5493  0.1788  0.4543  0.6232  0.0276  0.009459
epoch:  16  0.3925  0.5924  0.4271  0.0962  0.2706  0.4795  0.3733  0.5341  0.5453  0.2030  0.4306  0.6117  0.0275  0.009375
epoch:  17  0.3893  0.6068  0.4253  0.1014  0.2849  0.4673  0.3634  0.5180  0.5273  0.1867  0.4307  0.5907  0.0270  0.009285
epoch:  18  0.4180  0.6266  0.4621  0.1000  0.3007  0.5044  0.3889  0.5553  0.5696  0.2227  0.4483  0.6377  0.0267  0.009190
epoch:  19  0.4103  0.6152  0.4538  0.1234  0.2871  0.4983  0.3824  0.5444  0.5542  0.2301  0.4416  0.6251  0.0270  0.009089
epoch:  20  0.4097  0.6120  0.4563  0.0605  0.2864  0.5029  0.3855  0.5487  0.5603  0.1558  0.4521  0.6311  0.0265  0.008983
epoch:  21  0.4165  0.6199  0.4598  0.1086  0.2726  0.5105  0.3838  0.5453  0.5549  0.2098  0.4332  0.6298  0.0260  0.008873
epoch:  22  0.4143  0.6184  0.4570  0.1011  0.2800  0.5052  0.3834  0.5391  0.5511  0.1993  0.4380  0.6260  0.0265  0.008757
epoch:  23  0.4119  0.6134  0.4532  0.1063  0.3018  0.4984  0.3798  0.5447  0.5547  0.2195  0.4469  0.6248  0.0261  0.008637
epoch:  24  0.4054  0.6087  0.4406  0.0706  0.2693  0.5001  0.3777  0.5304  0.5412  0.1843  0.4204  0.6184  0.0259  0.008513
epoch:  25  0.4039  0.6093  0.4518  0.0936  0.2922  0.4987  0.3786  0.5410  0.5516  0.2118  0.4474  0.6246  0.0258  0.008384
epoch:  26  0.4220  0.6192  0.4684  0.0872  0.2964  0.5159  0.3898  0.5499  0.5598  0.1913  0.4453  0.6363  0.0257  0.008251
epoch:  27  0.4090  0.6104  0.4480  0.0915  0.2919  0.4997  0.3797  0.5401  0.5505  0.1807  0.4368  0.6253  0.0254  0.008114
epoch:  28  0.4011  0.6022  0.4387  0.0916  0.2831  0.4958  0.3783  0.5360  0.5463  0.1950  0.4320  0.6218  0.0252  0.007974
epoch:  29  0.4184  0.6192  0.4626  0.0945  0.2970  0.5152  0.3886  0.5501  0.5616  0.2141  0.4479  0.6381  0.0253  0.007830
epoch:  30  0.4233  0.6220  0.4662  0.1080  0.2966  0.5187  0.3899  0.5524  0.5637  0.2127  0.4428  0.6390  0.0248  0.007683
epoch:  31  0.4103  0.6087  0.4498  0.0858  0.2926  0.5051  0.3856  0.5449  0.5566  0.2056  0.4426  0.6274  0.0253  0.007533
epoch:  32  0.4106  0.6106  0.4538  0.1126  0.2861  0.5041  0.3813  0.5492  0.5625  0.2524  0.4520  0.6296  0.0248  0.007381
epoch:  33  0.4229  0.6255  0.4684  0.1026  0.3096  0.5127  0.3886  0.5505  0.5604  0.1901  0.4593  0.6323  0.0251  0.007225
epoch:  34  0.4240  0.6210  0.4662  0.1047  0.2973  0.5199  0.3916  0.5529  0.5633  0.2172  0.4396  0.6413  0.0247  0.007068
epoch:  35  0.4147  0.6124  0.4577  0.1082  0.2932  0.5059  0.3869  0.5427  0.5537  0.2166  0.4456  0.6212  0.0244  0.006909
