Epoch  AP@[IoU=0.50:0.95]  AP@[IoU=0.5]  AP@[IoU=0.75]  AP@[area=small]  AP@[area=middle]  AP@[area=large]  AR@[1 per image]  AR@[10 per image]  AR@[100 per image]  AR@[area=small]  AR@[area=middle]  AR@[area=large]  mloss  lr
epoch:   1  0.4584  0.6216  0.5087  0.1050  0.3005  0.5485  0.4335  0.6139  0.6227  0.2081  0.4863  0.6934  0.0332  0.010000
epoch:   2  0.5106  0.6911  0.5621  0.1797  0.3407  0.6126  0.4471  0.6427  0.6559  0.3509  0.5263  0.7326  0.0292  0.009987
epoch:   3  0.5001  0.6866  0.5506  0.1182  0.3201  0.6035  0.4396  0.6290  0.6432  0.2500  0.4918  0.7241  0.0282  0.009987
epoch:   4  0.5205  0.7055  0.5738  0.1546  0.3437  0.6310  0.4538  0.6469  0.6580  0.3038  0.5243  0.7408  0.0272  0.009948
epoch:   5  0.5219  0.7039  0.5765  0.1576  0.3408  0.6259  0.4595  0.6457  0.6584  0.2780  0.5079  0.7431  0.0265  0.009883
epoch:   6  0.5117  0.6907  0.5594  0.1358  0.3502  0.6152  0.4497  0.6374  0.6526  0.2697  0.5245  0.7334  0.0260  0.009792
epoch:   7  0.5118  0.6954  0.5689  0.1317  0.3486  0.6131  0.4517  0.6367  0.6499  0.2676  0.5303  0.7273  0.0256  0.009677
epoch:   8  0.5169  0.7046  0.5688  0.1435  0.3591  0.6202  0.4527  0.6406  0.6565  0.3041  0.5255  0.7361  0.0246  0.009538
epoch:   9  0.5191  0.7010  0.5717  0.1226  0.3541  0.6207  0.4534  0.6434  0.6579  0.2402  0.5366  0.7355  0.0242  0.009375
epoch:  10  0.5209  0.7080  0.5788  0.1703  0.3561  0.6237  0.4548  0.6451  0.6596  0.3131  0.5429  0.7331  0.0244  0.009190
epoch:  11  0.5238  0.7030  0.5725  0.1431  0.3421  0.6355  0.4546  0.6398  0.6527  0.2551  0.5069  0.7439  0.0231  0.008983
epoch:  12  0.5183  0.7002  0.5688  0.1510  0.3376  0.6288  0.4555  0.6414  0.6530  0.2741  0.5039  0.7378  0.0232  0.008757
epoch:  13  0.5315  0.7158  0.5730  0.1547  0.3649  0.6350  0.4595  0.6483  0.6609  0.2872  0.5227  0.7430  0.0228  0.008513
epoch:  14  0.5109  0.6969  0.5560  0.2095  0.3538  0.6111  0.4455  0.6252  0.6366  0.3388  0.5168  0.7116  0.0227  0.008251
epoch:  15  0.5237  0.7058  0.5765  0.2199  0.3662  0.6245  0.4540  0.6476  0.6601  0.3581  0.5374  0.7366  0.0218  0.007974
epoch:  16  0.5282  0.7101  0.5800  0.1602  0.3562  0.6302  0.4591  0.6505  0.6642  0.2819  0.5288  0.7447  0.0225  0.007683
