Epoch  AP@[IoU=0.50:0.95]  AP@[IoU=0.5]  AP@[IoU=0.75]  AP@[area=small]  AP@[area=middle]  AP@[area=large]  AR@[1 per image]  AR@[10 per image]  AR@[100 per image]  AR@[area=small]  AR@[area=middle]  AR@[area=large]  mloss  lr
epoch:   1  0.4586  0.6228  0.5037  0.1195  0.2868  0.5551  0.4229  0.6014  0.6118  0.2336  0.4673  0.6893  0.0308  0.010000
epoch:   2  0.5022  0.6797  0.5566  0.1481  0.3575  0.6004  0.4385  0.6325  0.6483  0.2533  0.5200  0.7252  0.0281  0.009948
epoch:   3  0.5002  0.6872  0.5516  0.1895  0.3157  0.6042  0.4387  0.6291  0.6406  0.3017  0.4691  0.7267  0.0268  0.009883
epoch:   4  0.5230  0.7124  0.5778  0.2246  0.3504  0.6276  0.4529  0.6567  0.6712  0.3622  0.5410  0.7532  0.0260  0.009792
epoch:   5  0.5256  0.7031  0.5800  0.2120  0.3548  0.6302  0.4543  0.6501  0.6658  0.3220  0.5246  0.7475  0.0254  0.009677
epoch:   6  0.5314  0.7051  0.5872  0.2013  0.3582  0.6314  0.4568  0.6537  0.6679  0.3197  0.5277  0.7459  0.0246  0.009538
epoch:   7  0.5392  0.7184  0.5889  0.1676  0.3706  0.6447  0.4617  0.6568  0.6708  0.3221  0.5319  0.7525  0.0243  0.009375
epoch:   8  0.5225  0.7089  0.5725  0.1742  0.3455  0.6255  0.4506  0.6453  0.6598  0.2885  0.5171  0.7365  0.0245  0.009190
epoch:   9  0.5244  0.7068  0.5728  0.1948  0.3546  0.6297  0.4532  0.6505  0.6646  0.3576  0.5138  0.7442  0.0236  0.008983
epoch:  10  0.5413  0.7178  0.5919  0.1629  0.3627  0.6473  0.4613  0.6576  0.6716  0.3395  0.5275  0.7502  0.0228  0.008757
