epoch:100 0.3674  0.6098  0.3884  0.0476  0.1889  0.4486  0.3824  0.5037  0.5074  0.0979  0.3692  0.5856  2.1738  0.0008
epoch:101 0.3788  0.6242  0.4067  0.0607  0.2024  0.4612  0.3887  0.5061  0.5098  0.0987  0.3499  0.5909  2.2251  0.00076
epoch:102 0.3806  0.6244  0.4055  0.0517  0.1917  0.4667  0.3882  0.5096  0.5135  0.1019  0.3572  0.5966  2.1841  0.000722
