epoch:0 0.0000  0.0002  0.0000  0.0000  0.0001  0.0001  0.0011  0.0021  0.0021  0.0000  0.0009  0.0026  1.0628  0.005000
epoch:1 0.0001  0.0005  0.0000  0.0000  0.0001  0.0002  0.0034  0.0048  0.0050  0.0000  0.0010  0.0069  0.8323  0.005000
epoch:2 0.0002  0.0009  0.0000  0.0000  0.0002  0.0004  0.0032  0.0065  0.0065  0.0000  0.0013  0.0091  0.7609  0.005000
