Epoch AP@[IoU=0.50:0.95] AP@[IoU=0.5] AP@[IoU=0.75] AP@[area=small] AP@[area=middle] AP@[area=large] AR@[1 per image] AR@[10 per image] AR@[100 per image] AR@[area=small] AR@[area=middle] AR@[area=large] mloss lr
epoch: 0 0.0542  0.1189  0.0429  0.0042  0.0505  0.0672  0.0687  0.1054  0.1069  0.0129  0.0972  0.1238  0.0523  0.010000
epoch: 1 0.1054  0.2293  0.0852  0.0137  0.0938  0.1322  0.1286  0.2109  0.2185  0.0564  0.1883  0.2397  0.0523  0.009967
epoch: 2 0.1303  0.2708  0.1077  0.0185  0.0971  0.1694  0.1611  0.2485  0.2564  0.0753  0.2149  0.2872  0.0499  0.009925
epoch: 3 0.1602  0.3386  0.1249  0.0280  0.1102  0.2028  0.1877  0.2747  0.2811  0.0609  0.2320  0.3135  0.0465  0.009925
epoch: 6 0.2094  0.4050  0.1936  0.0370  0.1402  0.2647  0.2370  0.3461  0.3544  0.1088  0.2720  0.4008  0.0448  0.009702
epoch: 7 0.2081  0.3913  0.1903  0.0253  0.1358  0.2643  0.2345  0.3394  0.3459  0.0942  0.2515  0.3941  0.0432  0.009841
epoch: 8 0.2136  0.4153  0.1971  0.0327  0.1559  0.2623  0.2323  0.3354  0.3416  0.0716  0.2643  0.3914  0.0431  0.009792
epoch: 9 0.2573  0.4657  0.2591  0.0412  0.1722  0.3216  0.2696  0.3871  0.3949  0.1044  0.2875  0.4566  0.0433  0.009738
epoch: 10 0.1852  0.3595  0.1728  0.0252  0.1235  0.2320  0.2109  0.3054  0.3112  0.0816  0.2362  0.3559  0.0429  0.009677
epoch: 11 0.2613  0.4840  0.2532  0.0465  0.1751  0.3239  0.2738  0.3985  0.4083  0.1170  0.3192  0.4593  0.0428  0.009610
epoch: 12 0.2599  0.4795  0.2539  0.0341  0.1742  0.3213  0.2744  0.4011  0.4105  0.0943  0.3219  0.4627  0.0413  0.009538
epoch: 13 0.2728  0.4928  0.2744  0.0769  0.1822  0.3390  0.2779  0.4043  0.4116  0.1393  0.2940  0.4783  0.0414  0.009459
epoch: 14 0.2731  0.4907  0.2679  0.0478  0.1805  0.3417  0.2849  0.4070  0.4154  0.1125  0.3161  0.4755  0.0413  0.009375
epoch: 15 0.2931  0.5040  0.3034  0.0816  0.1973  0.3582  0.2961  0.4280  0.4384  0.1614  0.3266  0.4945  0.0408  0.009285
epoch: 16 0.2645  0.4784  0.2661  0.0475  0.1968  0.3236  0.2766  0.4080  0.4177  0.1343  0.3392  0.4690  0.0417  0.009190
epoch: 17 0.2919  0.5022  0.3067  0.0541  0.2027  0.3631  0.2966  0.4277  0.4360  0.1203  0.3340  0.5009  0.0406  0.009089
epoch: 18 0.2919  0.5083  0.2979  0.0748  0.1940  0.3604  0.2901  0.4245  0.4355  0.1420  0.3300  0.4915  0.0403  0.008983
epoch: 19 0.2980  0.5125  0.3160  0.0601  0.2032  0.3734  0.2986  0.4417  0.4530  0.1613  0.3509  0.5164  0.0397  0.008873
epoch: 20 0.2879  0.5178  0.2896  0.0520  0.1922  0.3549  0.2931  0.4268  0.4364  0.1034  0.3339  0.4952  0.0391  0.008757
epoch: 21 0.2920  0.4969  0.3116  0.0436  0.1872  0.3649  0.2979  0.4276  0.4386  0.1204  0.3279  0.5029  0.0396  0.008637
epoch: 22 0.3144  0.5356  0.3279  0.0645  0.2210  0.3876  0.3099  0.4410  0.4505  0.1522  0.3619  0.5130  0.0391  0.008513
epoch: 23 0.3288  0.5491  0.3477  0.0561  0.2199  0.4031  0.3161  0.4561  0.4659  0.1456  0.3566  0.5299  0.0388  0.008384
epoch: 24 0.2925  0.5163  0.2892  0.0621  0.1852  0.3623  0.2981  0.4264  0.4345  0.1204  0.3137  0.4960  0.0384  0.008251
epoch: 25 0.3199  0.5372  0.3381  0.0909  0.2220  0.3936  0.3122  0.4556  0.4658  0.1702  0.3595  0.5297  0.0386  0.008114
epoch: 26 0.3206  0.5395  0.3391  0.0631  0.2124  0.3972  0.3169  0.4556  0.4653  0.1408  0.3617  0.5283  0.0383  0.007974
epoch: 27 0.3218  0.5382  0.3409  0.0488  0.2301  0.3918  0.3181  0.4559  0.4640  0.1291  0.3606  0.5269  0.0378  0.007830
epoch: 28 0.3256  0.5437  0.3442  0.0442  0.2171  0.4097  0.3217  0.4609  0.4704  0.1258  0.3684  0.5332  0.0380  0.007683
epoch: 29 0.3273  0.5515  0.3428  0.0789  0.2266  0.3993  0.3159  0.4610  0.4714  0.1572  0.3746  0.5305  0.0373  0.007533
epoch: 30 0.3263  0.5506  0.3418  0.0594  0.2151  0.4032  0.3173  0.4537  0.4626  0.1460  0.3420  0.5302  0.0375  0.007381
epoch: 31 0.3424  0.5596  0.3686  0.0728  0.2264  0.4166  0.3271  0.4719  0.4817  0.2019  0.3639  0.5443  0.0372  0.007225
epoch: 32 0.2994  0.5164  0.3114  0.0786  0.2151  0.3652  0.3057  0.4371  0.4462  0.2085  0.3750  0.4917  0.0369  0.007068
epoch: 33 0.3443  0.5621  0.3718  0.0816  0.2402  0.4241  0.3340  0.4794  0.4893  0.1867  0.3769  0.5524  0.0370  0.006909
epoch: 34 0.3408  0.5641  0.3608  0.0641  0.2339  0.4126  0.3290  0.4652  0.4741  0.1655  0.3634  0.5342  0.0368  0.006747
epoch: 35 0.3383  0.5508  0.3658  0.0904  0.2302  0.4108  0.3285  0.4623  0.4716  0.1794  0.3662  0.5285  0.0357  0.006585
epoch: 36 0.3348  0.5619  0.3516  0.0622  0.2397  0.4046  0.3257  0.4615  0.4689  0.1314  0.3667  0.5290  0.0363  0.006421
epoch: 37 0.3485  0.5758  0.3709  0.0549  0.2397  0.4253  0.3299  0.4707  0.4804  0.1984  0.3657  0.5418  0.0355  0.006255
epoch: 38 0.3518  0.5688  0.3815  0.0569  0.2480  0.4280  0.3360  0.4772  0.4872  0.1825  0.3756  0.5488  0.0359  0.006090
epoch: 39 0.3573  0.5772  0.3822  0.0526  0.2380  0.4398  0.3415  0.4814  0.4906  0.1757  0.3787  0.5559  0.0347  0.005923
epoch: 40 0.3554  0.5723  0.3795  0.0718  0.2395  0.4313  0.3359  0.4760  0.4851  0.2139  0.3623  0.5521  0.0349  0.005757
epoch: 41 0.3608  0.5757  0.3920  0.0671  0.2359  0.4399  0.3427  0.4849  0.4937  0.1454  0.3682  0.5611  0.0341  0.005590
epoch: 42 0.3474  0.5688  0.3769  0.0708  0.2405  0.4212  0.3400  0.4773  0.4881  0.1833  0.3845  0.5451  0.0348  0.005424
epoch: 43 0.3537  0.5717  0.3829  0.0810  0.2328  0.4287  0.3406  0.4798  0.4897  0.2173  0.3706  0.5521  0.0345  0.005258
epoch: 44 0.3551  0.5627  0.3877  0.0634  0.2447  0.4378  0.3395  0.4777  0.4873  0.2034  0.3743  0.5497  0.0344  0.005093
epoch: 45 0.3703  0.5820  0.4062  0.0656  0.2514  0.4500  0.3517  0.4906  0.5007  0.1869  0.3775  0.5657  0.0341  0.004929
epoch: 46 0.3654  0.5770  0.4000  0.0578  0.2513  0.4461  0.3486  0.4882  0.4986  0.1448  0.3907  0.5625  0.0333  0.004766
epoch: 47 0.3702  0.5771  0.4083  0.0676  0.2499  0.4502  0.3492  0.4912  0.5006  0.2024  0.3875  0.5634  0.0334  0.004605
epoch: 48 0.3740  0.5934  0.4095  0.0690  0.2569  0.4536  0.3538  0.5000  0.5096  0.1865  0.3833  0.5756  0.0337  0.004446
epoch: 49 0.3752  0.5868  0.4025  0.0685  0.2481  0.4571  0.3562  0.5009  0.5108  0.1818  0.3833  0.5786  0.0327  0.004288
epoch: 50 0.3695  0.5829  0.4033  0.0671  0.2464  0.4550  0.3520  0.4942  0.5024  0.1804  0.3778  0.5770  0.0330  0.004133
epoch: 51 0.3673  0.5755  0.3976  0.0596  0.2546  0.4500  0.3508  0.4881  0.4958  0.1709  0.3790  0.5678  0.0332  0.003980
epoch: 52 0.3708  0.5888  0.3999  0.0747  0.2512  0.4521  0.3512  0.4876  0.4969  0.1642  0.3791  0.5609  0.0326  0.003830
epoch: 53 0.3735  0.5894  0.4098  0.0569  0.2534  0.4560  0.3529  0.4931  0.5021  0.1783  0.3774  0.5697  0.0318  0.003683
epoch: 54 0.3804  0.5932  0.4129  0.0714  0.2568  0.4636  0.3583  0.4982  0.5070  0.1777  0.3972  0.5773  0.0321  0.003540
epoch: 55 0.3791  0.5917  0.4071  0.0778  0.2548  0.4624  0.3589  0.5008  0.5108  0.2064  0.3798  0.5799  0.0317  0.003399
epoch: 56 0.3795  0.5944  0.4167  0.0732  0.2593  0.4616  0.3561  0.4955  0.5052  0.1984  0.3909  0.5706  0.0317  0.003263
epoch: 57 0.3829  0.6007  0.4125  0.0670  0.2702  0.4644  0.3573  0.5006  0.5100  0.1947  0.3939  0.5740  0.0310  0.003130
epoch: 58 0.3687  0.5734  0.3992  0.0591  0.2539  0.4557  0.3553  0.4895  0.4951  0.1293  0.3872  0.5692  0.0311  0.003001
epoch: 59 0.3845  0.5875  0.4211  0.0855  0.2589  0.4689  0.3598  0.5074  0.5164  0.2247  0.3882  0.5858  0.0309  0.002876
epoch: 60 0.3844  0.5926  0.4211  0.0695  0.2700  0.4618  0.3637  0.5049  0.5130  0.1789  0.3937  0.5757  0.0309  0.002756
epoch: 61 0.3894  0.6018  0.4292  0.0684  0.2608  0.4704  0.3632  0.5034  0.5111  0.1711  0.3849  0.5811  0.0300  0.002641
epoch: 62 0.3898  0.5966  0.4236  0.0697  0.2717  0.4702  0.3599  0.5014  0.5092  0.1510  0.3897  0.5794  0.0308  0.002530
epoch: 63 0.3868  0.5985  0.4222  0.0938  0.2630  0.4689  0.3626  0.5006  0.5092  0.2019  0.3860  0.5800  0.0303  0.002424
epoch: 64 0.3847  0.5927  0.4247  0.0644  0.2618  0.4648  0.3646  0.5083  0.5166  0.1450  0.3991  0.5863  0.0302  0.002324
