Epoch AP@[IoU=0.50:0.95] AP@[IoU=0.5] AP@[IoU=0.75] AP@[area=small] AP@[area=middle] AP@[area=large] AR@[1 per image] AR@[10 per image] AR@[100 per image] AR@[area=small] AR@[area=middle] AR@[area=large] mloss lr
epoch: 0 0.0168  0.0414  0.0107  0.0008  0.0155  0.0185  0.0264  0.0460  0.0471  0.0017  0.0353  0.0553  0.0527  0.010000
epoch: 1 0.0730  0.1578  0.0574  0.0040  0.0438  0.0978  0.1037  0.1524  0.1544  0.0121  0.1092  0.1879  0.0519  0.009987
epoch: 2 0.0695  0.1618  0.0485  0.0055  0.0559  0.0882  0.0975  0.1540  0.1580  0.0173  0.1325  0.1805  0.0511  0.009971
epoch: 3 0.0805  0.2085  0.0497  0.0099  0.0619  0.0955  0.1209  0.1925  0.1960  0.0296  0.1376  0.2214  0.0487  0.009948
epoch: 4 0.1274  0.2714  0.1010  0.0165  0.0873  0.1580  0.1602  0.2454  0.2524  0.0435  0.1756  0.2892  0.0489  0.009918
epoch: 5 0.1212  0.2610  0.0964  0.0503  0.0947  0.1560  0.1577  0.2503  0.2550  0.0730  0.1982  0.2949  0.0487  0.009883
epoch: 6 0.1048  0.2363  0.0743  0.0068  0.0740  0.1342  0.1405  0.2015  0.2045  0.0174  0.1496  0.2422  0.0491  0.009841
epoch: 7 0.1268  0.2835  0.0955  0.0188  0.0957  0.1559  0.1612  0.2454  0.2502  0.0497  0.1944  0.2782  0.0472  0.009792
epoch: 8 0.1419  0.2918  0.1182  0.0379  0.0901  0.1780  0.1805  0.2635  0.2690  0.0633  0.1928  0.3045  0.0466  0.009738
epoch: 9 0.1696  0.3337  0.1523  0.0145  0.1196  0.2161  0.2000  0.2904  0.2942  0.0489  0.2160  0.3475  0.0460  0.009677
epoch: 10 0.1737  0.3526  0.1526  0.0130  0.1022  0.2238  0.2066  0.3014  0.3078  0.0610  0.2002  0.3620  0.0462  0.009610
epoch: 11 0.1816  0.3708  0.1589  0.0191  0.1117  0.2282  0.2163  0.3175  0.3233  0.0603  0.2347  0.3692  0.0461  0.009538
epoch: 12 0.1731  0.3684  0.1317  0.0245  0.1210  0.2123  0.1979  0.2990  0.3060  0.0751  0.2261  0.3509  0.0462  0.009459
epoch: 13 0.1948  0.3728  0.1845  0.0255  0.1263  0.2420  0.2301  0.3225  0.3254  0.0606  0.2154  0.3822  0.0456  0.009375
epoch: 14 0.2086  0.3896  0.1983  0.0244  0.1240  0.2671  0.2415  0.3427  0.3509  0.0709  0.2454  0.4128  0.0449  0.009285
epoch: 15 0.1950  0.3708  0.1916  0.0200  0.1189  0.2492  0.2298  0.3269  0.3325  0.0551  0.2313  0.3864  0.0456  0.009190
epoch: 16 0.1884  0.3617  0.1755  0.0318  0.1248  0.2362  0.2178  0.3096  0.3129  0.0666  0.2250  0.3672  0.0452  0.009089
epoch: 17 0.2234  0.4127  0.2157  0.0199  0.1429  0.2797  0.2437  0.3592  0.3674  0.0726  0.2626  0.4238  0.0445  0.008983
epoch: 18 0.1911  0.3815  0.1757  0.0208  0.1316  0.2381  0.2284  0.3296  0.3360  0.0614  0.2478  0.3856  0.0449  0.008873
epoch: 19 0.2242  0.4234  0.2075  0.0227  0.1337  0.2847  0.2522  0.3642  0.3723  0.0731  0.2607  0.4307  0.0445  0.008757
epoch: 20 0.2078  0.4072  0.1948  0.0258  0.1248  0.2635  0.2344  0.3373  0.3435  0.0788  0.2401  0.3972  0.0439  0.008637
epoch: 21 0.2256  0.4154  0.2212  0.0247  0.1541  0.2751  0.2478  0.3584  0.3657  0.0755  0.2835  0.4099  0.0435  0.008513
epoch: 22 0.2197  0.4074  0.2155  0.0234  0.1299  0.2766  0.2404  0.3453  0.3526  0.0776  0.2372  0.4090  0.0439  0.008384
epoch: 23 0.2281  0.4225  0.2203  0.0267  0.1516  0.2852  0.2513  0.3653  0.3740  0.0858  0.2727  0.4291  0.0443  0.008251
epoch: 24 0.2278  0.4312  0.2125  0.0210  0.1373  0.2869  0.2522  0.3594  0.3657  0.0678  0.2579  0.4249  0.0438  0.008114
epoch: 25 0.2335  0.4261  0.2282  0.0228  0.1559  0.2909  0.2611  0.3690  0.3751  0.0711  0.2760  0.4348  0.0426  0.007974
epoch: 26 0.2377  0.4324  0.2385  0.0250  0.1389  0.3009  0.2625  0.3725  0.3804  0.0858  0.2605  0.4384  0.0424  0.007830
epoch: 27 0.2189  0.4001  0.2133  0.0222  0.1362  0.2793  0.2502  0.3528  0.3604  0.0818  0.2583  0.4181  0.0423  0.007683
epoch: 28 0.2347  0.4351  0.2271  0.0287  0.1457  0.2949  0.2581  0.3663  0.3728  0.0766  0.2626  0.4301  0.0420  0.007533
epoch: 29 0.2311  0.4264  0.2241  0.0250  0.1302  0.2997  0.2623  0.3808  0.3893  0.1046  0.2617  0.4560  0.0423  0.007381
epoch: 30 0.2334  0.4287  0.2287  0.0257  0.1469  0.2910  0.2512  0.3653  0.3745  0.0877  0.2691  0.4279  0.0425  0.007225
epoch: 31 0.2491  0.4541  0.2524  0.0366  0.1669  0.3055  0.2738  0.3942  0.4044  0.1049  0.3068  0.4556  0.0420  0.007068
epoch: 32 0.2424  0.4424  0.2414  0.0425  0.1440  0.3016  0.2621  0.3713  0.3779  0.1158  0.2588  0.4356  0.0417  0.006909
epoch: 33 0.2490  0.4448  0.2481  0.0350  0.1442  0.3177  0.2697  0.3820  0.3892  0.1069  0.2739  0.4528  0.0411  0.006747
epoch: 34 0.2477  0.4507  0.2430  0.0309  0.1555  0.3085  0.2720  0.3854  0.3945  0.1018  0.2946  0.4496  0.0417  0.006585
epoch: 35 0.2546  0.4628  0.2437  0.0463  0.1553  0.3183  0.2756  0.3922  0.3995  0.1289  0.2880  0.4595  0.0423  0.006421
epoch: 36 0.2569  0.4715  0.2498  0.0271  0.1528  0.3208  0.2719  0.3919  0.4007  0.1052  0.2893  0.4607  0.0411  0.006255
epoch: 37 0.2582  0.4775  0.2418  0.0386  0.1678  0.3207  0.2668  0.3889  0.3994  0.1313  0.2994  0.4569  0.0412  0.006090
epoch: 38 0.2704  0.4692  0.2795  0.0328  0.1590  0.3410  0.2850  0.4084  0.4167  0.0992  0.2829  0.4810  0.0408  0.005923
epoch: 39 0.2767  0.4741  0.2825  0.0376  0.1661  0.3479  0.2906  0.4142  0.4224  0.1165  0.2993  0.4838  0.0411  0.005757
epoch: 40 0.2712  0.4754  0.2779  0.0233  0.1543  0.3459  0.2887  0.4084  0.4172  0.0936  0.2915  0.4800  0.0410  0.005590
epoch: 41 0.2829  0.4876  0.2989  0.0379  0.1665  0.3504  0.2970  0.4173  0.4237  0.1066  0.3049  0.4857  0.0410  0.005424
epoch: 42 0.2560  0.4577  0.2601  0.0302  0.1583  0.3207  0.2751  0.3977  0.4078  0.1067  0.2982  0.4682  0.0408  0.005258
epoch: 43 0.2762  0.4808  0.2826  0.0404  0.1865  0.3447  0.2866  0.4104  0.4177  0.1351  0.3298  0.4742  0.0405  0.005093
epoch: 44 0.2797  0.4865  0.2862  0.0359  0.1654  0.3497  0.2912  0.4199  0.4282  0.1219  0.3075  0.4899  0.0401  0.004929
epoch: 45 0.2766  0.4797  0.2872  0.0426  0.1643  0.3477  0.2901  0.4103  0.4190  0.1175  0.2921  0.4836  0.0401  0.004766
epoch: 46 0.2727  0.4863  0.2766  0.0434  0.1721  0.3420  0.2869  0.4157  0.4247  0.1305  0.3152  0.4834  0.0399  0.004605
epoch: 47 0.2830  0.4845  0.2969  0.0353  0.1701  0.3566  0.2932  0.4168  0.4237  0.1023  0.3070  0.4912  0.0399  0.004446
epoch: 48 0.2808  0.4788  0.2968  0.0337  0.1825  0.3522  0.2946  0.4181  0.4262  0.1054  0.3229  0.4890  0.0397  0.004288
epoch: 49 0.2894  0.4908  0.2995  0.0347  0.1840  0.3631  0.3007  0.4260  0.4323  0.1092  0.3108  0.5033  0.0389  0.004133
