Epoch  AP@[IoU=0.50:0.95]  AP@[IoU=0.5]  AP@[IoU=0.75]  AP@[area=small]  AP@[area=middle]  AP@[area=large]  AR@[1 per image]  AR@[10 per image]  AR@[100 per image]  AR@[area=small]  AR@[area=middle]  AR@[area=large]  mloss  lr
epoch:   0 0.0003  0.0012  0.0000  0.0000  0.0001  0.0004  0.0010  0.0043  0.0052  0.0000  0.0001  0.0079  0.0740  0.010000
epoch:   1 0.0006  0.0022  0.0002  0.0001  0.0002  0.0013  0.0024  0.0037  0.0038  0.0000  0.0018  0.0051  0.0654  0.009987
epoch:   2 0.0009  0.0030  0.0002  0.0000  0.0005  0.0018  0.0033  0.0054  0.0056  0.0001  0.0039  0.0071  0.0632  0.009971
epoch:   3 0.0024  0.0078  0.0007  0.0000  0.0009  0.0039  0.0047  0.0105  0.0108  0.0001  0.0050  0.0147  0.0617  0.009948
epoch:   4 0.0022  0.0066  0.0008  0.0001  0.0014  0.0036  0.0044  0.0103  0.0109  0.0004  0.0088  0.0134  0.0597  0.009918
epoch:   5 0.0044  0.0132  0.0015  0.0001  0.0023  0.0060  0.0059  0.0148  0.0160  0.0008  0.0100  0.0206  0.0596  0.009883
epoch:   6 0.0052  0.0146  0.0021  0.0001  0.0024  0.0070  0.0070  0.0139  0.0142  0.0005  0.0086  0.0184  0.0584  0.009841
epoch:   7 0.0057  0.0148  0.0030  0.0002  0.0029  0.0080  0.0072  0.0152  0.0157  0.0011  0.0111  0.0197  0.0576  0.009792
epoch:   8 0.0067  0.0165  0.0041  0.0004  0.0027  0.0091  0.0095  0.0171  0.0176  0.0011  0.0098  0.0221  0.0583  0.009738
epoch:   9 0.0056  0.0152  0.0029  0.0001  0.0031  0.0077  0.0074  0.0153  0.0157  0.0006  0.0101  0.0201  0.0576  0.009677
epoch:  10 0.0075  0.0191  0.0043  0.0002  0.0035  0.0105  0.0089  0.0171  0.0176  0.0009  0.0109  0.0224  0.0566  0.009610
epoch:  11 0.0077  0.0185  0.0052  0.0004  0.0043  0.0111  0.0106  0.0190  0.0196  0.0017  0.0133  0.0240  0.0570  0.009538
epoch:  12 0.0106  0.0268  0.0059  0.0003  0.0042  0.0143  0.0164  0.0255  0.0262  0.0025  0.0127  0.0328  0.0556  0.009459
epoch:  13 0.0098  0.0238  0.0062  0.0005  0.0034  0.0131  0.0157  0.0236  0.0239  0.0017  0.0094  0.0303  0.0557  0.009375
epoch:  14 0.0097  0.0238  0.0063  0.0004  0.0049  0.0134  0.0125  0.0219  0.0226  0.0019  0.0145  0.0279  0.0561  0.009285
epoch:  15 0.0111  0.0267  0.0072  0.0005  0.0051  0.0151  0.0175  0.0272  0.0277  0.0036  0.0151  0.0343  0.0556  0.009190
epoch:  16 0.0114  0.0301  0.0066  0.0007  0.0055  0.0160  0.0177  0.0279  0.0287  0.0027  0.0150  0.0371  0.0549  0.009089
epoch:  17 0.0120  0.0285  0.0083  0.0004  0.0057  0.0171  0.0179  0.0276  0.0282  0.0038  0.0161  0.0354  0.0539  0.008983
epoch:  18 0.0120  0.0290  0.0074  0.0005  0.0048  0.0162  0.0188  0.0278  0.0284  0.0023  0.0145  0.0355  0.0539  0.008873
epoch:  19 0.0153  0.0360  0.0097  0.0006  0.0066  0.0209  0.0268  0.0372  0.0380  0.0039  0.0161  0.0487  0.0536  0.008757
epoch:  20 0.0130  0.0315  0.0081  0.0008  0.0066  0.0188  0.0217  0.0316  0.0323  0.0062  0.0168  0.0416  0.0537  0.008637
epoch:  21 0.0144  0.0349  0.0092  0.0009  0.0063  0.0206  0.0276  0.0387  0.0393  0.0051  0.0182  0.0501  0.0530  0.008513
epoch:  22 0.0146  0.0341  0.0104  0.0013  0.0070  0.0211  0.0271  0.0383  0.0394  0.0053  0.0203  0.0500  0.0525  0.008384
epoch:  23 0.0141  0.0330  0.0100  0.0009  0.0063  0.0193  0.0235  0.0343  0.0352  0.0040  0.0178  0.0447  0.0531  0.008251
epoch:  24 0.0144  0.0357  0.0097  0.0008  0.0072  0.0198  0.0238  0.0335  0.0339  0.0048  0.0190  0.0420  0.0522  0.008114
epoch:  25 0.0151  0.0359  0.0101  0.0011  0.0062  0.0226  0.0282  0.0395  0.0402  0.0063  0.0191  0.0512  0.0525  0.007974
epoch:  26 0.0163  0.0373  0.0121  0.0009  0.0076  0.0234  0.0274  0.0383  0.0389  0.0075  0.0209  0.0497  0.0516  0.007830
epoch:  27 0.0162  0.0356  0.0127  0.0014  0.0086  0.0235  0.0273  0.0393  0.0403  0.0078  0.0243  0.0507  0.0527  0.007683
epoch:  28 0.0179  0.0386  0.0139  0.0011  0.0100  0.0264  0.0307  0.0427  0.0435  0.0056  0.0235  0.0564  0.0513  0.007533
epoch:  29 0.0182  0.0388  0.0143  0.0011  0.0079  0.0259  0.0321  0.0440  0.0445  0.0064  0.0198  0.0573  0.0524  0.007381
epoch:  30 0.0187  0.0427  0.0145  0.0015  0.0097  0.0276  0.0341  0.0476  0.0485  0.0087  0.0252  0.0609  0.0521  0.007225
epoch:  31 0.0181  0.0389  0.0140  0.0014  0.0083  0.0260  0.0295  0.0414  0.0422  0.0079  0.0213  0.0555  0.0513  0.007068
epoch:  32 0.0190  0.0409  0.0148  0.0014  0.0090  0.0264  0.0324  0.0446  0.0454  0.0075  0.0227  0.0584  0.0502  0.006909
epoch:  33 0.0168  0.0373  0.0132  0.0012  0.0108  0.0235  0.0301  0.0428  0.0436  0.0052  0.0247  0.0554  0.0514  0.006747
epoch:  34 0.0194  0.0421  0.0148  0.0018  0.0106  0.0269  0.0342  0.0470  0.0477  0.0089  0.0247  0.0620  0.0509  0.006585
epoch:  35 0.0208  0.0443  0.0165  0.0011  0.0086  0.0313  0.0337  0.0466  0.0476  0.0091  0.0239  0.0632  0.0498  0.006421
epoch:  36 0.0254  0.0511  0.0221  0.0020  0.0117  0.0359  0.0421  0.0549  0.0556  0.0087  0.0245  0.0728  0.0507  0.006255
epoch:  37 0.0218  0.0448  0.0184  0.0018  0.0108  0.0323  0.0373  0.0509  0.0517  0.0087  0.0276  0.0664  0.0496  0.006090
epoch:  38 0.0200  0.0447  0.0155  0.0014  0.0102  0.0276  0.0356  0.0485  0.0492  0.0079  0.0246  0.0620  0.0490  0.005923
epoch:  39 0.0237  0.0507  0.0191  0.0024  0.0139  0.0330  0.0401  0.0556  0.0567  0.0113  0.0331  0.0700  0.0502  0.005757
epoch:  40 0.0246  0.0516  0.0201  0.0023  0.0130  0.0341  0.0404  0.0560  0.0567  0.0094  0.0306  0.0711  0.0493  0.005590
epoch:  41 0.0250  0.0531  0.0210  0.0020  0.0133  0.0338  0.0408  0.0560  0.0566  0.0085  0.0288  0.0725  0.0493  0.005424
epoch:  42 0.0240  0.0498  0.0200  0.0021  0.0143  0.0328  0.0409  0.0561  0.0569  0.0080  0.0345  0.0709  0.0491  0.005258
epoch:  43 0.0270  0.0551  0.0228  0.0017  0.0137  0.0378  0.0409  0.0565  0.0571  0.0091  0.0315  0.0733  0.0489  0.005093
