Epoch  AP@[IoU=0.50:0.95]  AP@[IoU=0.5]  AP@[IoU=0.75]  AP@[area=small]  AP@[area=middle]  AP@[area=large]  AR@[1 per image]  AR@[10 per image]  AR@[100 per image]  AR@[area=small]  AR@[area=middle]  AR@[area=large]  mloss  lr
epoch:   0  0.1108  0.2218  0.0985  0.0139  0.0963  0.1375  0.1376  0.1969  0.1986  0.0322  0.1753  0.2231  0.0436  0.010000
epoch:   1  0.1993  0.3821  0.1800  0.0407  0.1368  0.2455  0.2217  0.3325  0.3420  0.0693  0.2613  0.3903  0.0472  0.009997
epoch:   2  0.2289  0.4413  0.2087  0.0969  0.1745  0.2761  0.2513  0.3729  0.3823  0.1707  0.3163  0.4180  0.0437  0.009987
epoch:   3  0.2369  0.4347  0.2378  0.0529  0.1675  0.2974  0.2604  0.3820  0.3907  0.1410  0.3141  0.4399  0.0424  0.009971
epoch:   4  0.2735  0.4854  0.2741  0.0739  0.2000  0.3376  0.2841  0.4148  0.4276  0.1701  0.3502  0.4727  0.0405  0.009948
epoch:   5  0.2756  0.4742  0.2902  0.0462  0.1911  0.3446  0.2933  0.4218  0.4313  0.1299  0.3223  0.4925  0.0401  0.009918
epoch:   6  0.2916  0.4971  0.3016  0.0824  0.1766  0.3649  0.2973  0.4307  0.4408  0.1527  0.3058  0.5128  0.0394  0.009883
epoch:   7  0.2951  0.5256  0.2976  0.0651  0.2189  0.3525  0.2966  0.4394  0.4511  0.1490  0.3470  0.5044  0.0395  0.009841
epoch:   8  0.3292  0.5474  0.3519  0.0890  0.2267  0.3950  0.3153  0.4485  0.4581  0.1718  0.3522  0.5132  0.0389  0.009792
epoch:   9  0.3273  0.5544  0.3466  0.0901  0.2343  0.3959  0.3202  0.4697  0.4827  0.2006  0.3940  0.5328  0.0379  0.009738
epoch:  10  0.3561  0.5803  0.3870  0.0927  0.2556  0.4319  0.3443  0.4971  0.5097  0.1910  0.4159  0.5674  0.0373  0.009677
epoch:  11  0.3451  0.5651  0.3706  0.0906  0.2328  0.4300  0.3352  0.4827  0.4963  0.1954  0.3875  0.5585  0.0369  0.009610
epoch:  12  0.3352  0.5534  0.3461  0.0865  0.2581  0.3996  0.3250  0.4635  0.4753  0.2021  0.3916  0.5204  0.0372  0.009538
epoch:  13  0.3538  0.5683  0.3762  0.0857  0.2382  0.4378  0.3447  0.4920  0.5041  0.2124  0.3881  0.5667  0.0363  0.009459
epoch:  14  0.3689  0.6038  0.3983  0.0857  0.2617  0.4480  0.3513  0.4984  0.5108  0.1769  0.4108  0.5738  0.0362  0.009375
epoch:  15  0.3587  0.5846  0.3842  0.0867  0.2472  0.4370  0.3390  0.4876  0.5005  0.2222  0.3879  0.5578  0.0350  0.009285
epoch:  16  0.3608  0.5874  0.3857  0.1165  0.2472  0.4331  0.3510  0.5073  0.5180  0.2345  0.3959  0.5777  0.0350  0.009190
epoch:  17  0.3851  0.6023  0.4276  0.0776  0.2643  0.4733  0.3644  0.5189  0.5311  0.2157  0.4174  0.5962  0.0336  0.009089
epoch:  18  0.4058  0.6160  0.4460  0.1250  0.2704  0.4921  0.3756  0.5315  0.5429  0.2107  0.4260  0.6080  0.0335  0.008983
epoch:  19  0.3946  0.6148  0.4390  0.0851  0.2699  0.4839  0.3613  0.5225  0.5347  0.2049  0.4124  0.6098  0.0336  0.008873
epoch:  20  0.3751  0.5796  0.4120  0.0625  0.2639  0.4621  0.3514  0.4979  0.5065  0.1470  0.3934  0.5775  0.0331  0.008757
epoch:  21  0.4082  0.6268  0.4522  0.0856  0.2823  0.4863  0.3737  0.5346  0.5460  0.2168  0.4404  0.6069  0.0329  0.008637
epoch:  22  0.3956  0.6178  0.4403  0.1274  0.2768  0.4724  0.3639  0.5259  0.5370  0.2420  0.4412  0.5916  0.0322  0.008513
epoch:  23  0.4085  0.6181  0.4520  0.1140  0.2860  0.4884  0.3818  0.5311  0.5423  0.2014  0.4208  0.6078  0.0319  0.008384
epoch:  24  0.4077  0.6316  0.4482  0.1326  0.2840  0.4910  0.3793  0.5349  0.5458  0.2386  0.4258  0.6148  0.0323  0.008251
epoch:  25  0.4059  0.6209  0.4448  0.1215  0.2674  0.4910  0.3798  0.5340  0.5452  0.2103  0.4130  0.6135  0.0314  0.008114
epoch:  26  0.3936  0.6146  0.4286  0.1078  0.2774  0.4743  0.3642  0.5186  0.5301  0.2338  0.4206  0.5885  0.0313  0.007974
epoch:  27  0.4096  0.6234  0.4546  0.1213  0.2955  0.4913  0.3757  0.5403  0.5516  0.2226  0.4377  0.6159  0.0317  0.007830
epoch:  28  0.4216  0.6321  0.4700  0.1366  0.2863  0.5059  0.3866  0.5429  0.5532  0.2500  0.4195  0.6203  0.0310  0.007683
epoch:  29  0.4191  0.6246  0.4622  0.1220  0.2864  0.5030  0.3814  0.5441  0.5546  0.2223  0.4320  0.6225  0.0306  0.007533
epoch:  30  0.4235  0.6472  0.4693  0.0943  0.2761  0.5156  0.3885  0.5436  0.5571  0.2339  0.4281  0.6286  0.0300  0.007381
epoch:  31  0.4243  0.6315  0.4654  0.1243  0.2910  0.5120  0.3855  0.5462  0.5568  0.2176  0.4351  0.6265  0.0298  0.007225
epoch:  32  0.4204  0.6255  0.4688  0.1465  0.3066  0.5043  0.3835  0.5398  0.5494  0.2510  0.4476  0.6158  0.0293  0.007068
epoch:  33  0.4324  0.6353  0.4770  0.1138  0.3055  0.5206  0.3969  0.5548  0.5651  0.2056  0.4595  0.6382  0.0289  0.006909
epoch:  34  0.4173  0.6237  0.4573  0.1262  0.2976  0.4984  0.3842  0.5431  0.5538  0.2341  0.4338  0.6176  0.0285  0.006747
epoch:  35  0.4349  0.6359  0.4803  0.1128  0.2934  0.5206  0.3957  0.5524  0.5621  0.2482  0.4188  0.6359  0.0291  0.006585
epoch:  36  0.4300  0.6321  0.4863  0.1074  0.3077  0.5106  0.3915  0.5469  0.5565  0.2335  0.4595  0.6180  0.0283  0.006421
epoch:  37  0.4403  0.6434  0.4857  0.0917  0.2968  0.5298  0.4019  0.5549  0.5665  0.1930  0.4255  0.6445  0.0283  0.006255
epoch:  38  0.4342  0.6499  0.4836  0.1232  0.3197  0.5144  0.3939  0.5498  0.5588  0.2544  0.4585  0.6250  0.0271  0.006090
epoch:  39  0.4472  0.6479  0.4956  0.1039  0.2929  0.5380  0.4001  0.5563  0.5665  0.2130  0.4234  0.6424  0.0276  0.005923
epoch:  40  0.4565  0.6574  0.5124  0.1316  0.3264  0.5436  0.4040  0.5684  0.5764  0.2736  0.4521  0.6484  0.0270  0.005757
epoch:  41  0.4351  0.6372  0.4845  0.1025  0.2950  0.5254  0.3951  0.5573  0.5676  0.2061  0.4257  0.6464  0.0272  0.005590
epoch:  42  0.4394  0.6366  0.4934  0.1296  0.3032  0.5253  0.3967  0.5482  0.5573  0.2314  0.4226  0.6302  0.0265  0.005424
epoch:  43  0.4463  0.6417  0.5006  0.1450  0.3134  0.5367  0.4065  0.5652  0.5749  0.2478  0.4542  0.6451  0.0262  0.005258
epoch:  44  0.4525  0.6376  0.5043  0.1304  0.3104  0.5457  0.4064  0.5602  0.5690  0.2718  0.4384  0.6420  0.0258  0.005093
epoch:  45  0.4527  0.6404  0.5018  0.1263  0.2969  0.5492  0.4076  0.5540  0.5637  0.2397  0.4164  0.6462  0.0258  0.004929
epoch:  46  0.4679  0.6567  0.5195  0.1318  0.3035  0.5578  0.4147  0.5712  0.5803  0.2440  0.4274  0.6567  0.0254  0.004766
epoch:  47  0.4547  0.6521  0.5123  0.1355  0.3133  0.5417  0.4083  0.5602  0.5689  0.2335  0.4289  0.6460  0.0253  0.004605
epoch:  48  0.4527  0.6440  0.4999  0.1166  0.3089  0.5377  0.4069  0.5615  0.5707  0.2674  0.4271  0.6415  0.0247  0.004446
epoch:  49  0.4462  0.6392  0.4965  0.1374  0.3169  0.5311  0.4021  0.5530  0.5635  0.2371  0.4358  0.6336  0.0243  0.004288
epoch:  50  0.4576  0.6489  0.5164  0.1226  0.3148  0.5457  0.4103  0.5615  0.5687  0.2592  0.4237  0.6452  0.0244  0.004133
epoch:  51  0.4623  0.6577  0.5111  0.1371  0.3080  0.5568  0.4139  0.5686  0.5778  0.2427  0.4220  0.6564  0.0240  0.003980
epoch:  52  0.4643  0.6528  0.5153  0.1295  0.3232  0.5609  0.4241  0.5793  0.5885  0.2439  0.4479  0.6681  0.0232  0.003830
epoch:  53  0.4607  0.6446  0.5057  0.1464  0.3095  0.5515  0.4168  0.5682  0.5762  0.2503  0.4386  0.6506  0.0239  0.003683
epoch:  54  0.4739  0.6583  0.5215  0.1578  0.3202  0.5636  0.4209  0.5747  0.5832  0.2487  0.4383  0.6622  0.0228  0.003540
epoch:  55  0.4658  0.6538  0.5188  0.1681  0.3186  0.5531  0.4103  0.5635  0.5723  0.2676  0.4280  0.6498  0.0228  0.003399
epoch:  56  0.4614  0.6484  0.5180  0.1203  0.3106  0.5492  0.4066  0.5596  0.5675  0.2181  0.4198  0.6449  0.0228  0.003263
epoch:  57  0.4723  0.6563  0.5260  0.1666  0.3211  0.5630  0.4174  0.5682  0.5756  0.2612  0.4266  0.6557  0.0227  0.003130
epoch:  58  0.4686  0.6533  0.5162  0.1548  0.3232  0.5601  0.4163  0.5718  0.5803  0.2609  0.4376  0.6582  0.0224  0.003001
epoch:  59  0.4729  0.6592  0.5235  0.1649  0.3222  0.5694  0.4226  0.5769  0.5851  0.2625  0.4335  0.6698  0.0218  0.002876
epoch:  60  0.4747  0.6506  0.5216  0.1516  0.3227  0.5711  0.4203  0.5677  0.5749  0.2385  0.4255  0.6601  0.0219  0.002756
epoch:  61  0.4660  0.6473  0.5128  0.1422  0.3181  0.5583  0.4157  0.5637  0.5717  0.2444  0.4316  0.6505  0.0219  0.002641
epoch:  62  0.4725  0.6532  0.5211  0.1556  0.3224  0.5648  0.4250  0.5762  0.5832  0.2548  0.4310  0.6637  0.0212  0.002530
epoch:  63  0.4750  0.6522  0.5185  0.1593  0.3169  0.5653  0.4192  0.5695  0.5775  0.2470  0.4256  0.6556  0.0216  0.002424
epoch:  64  0.4704  0.6456  0.5211  0.1418  0.3078  0.5651  0.4147  0.5645  0.5722  0.2540  0.4194  0.6535  0.0208  0.002324
epoch:  65  0.4784  0.6576  0.5269  0.1604  0.3151  0.5751  0.4243  0.5711  0.5784  0.2503  0.4318  0.6617  0.0208  0.002229
epoch:  66  0.4864  0.6661  0.5344  0.1508  0.3297  0.5813  0.4320  0.5890  0.5966  0.2620  0.4453  0.6795  0.0208  0.002139
epoch:  67  0.4705  0.6486  0.5162  0.1573  0.3148  0.5639  0.4178  0.5663  0.5729  0.2401  0.4173  0.6565  0.0209  0.002055
epoch:  68  0.4724  0.6516  0.5178  0.1456  0.3041  0.5691  0.4230  0.5684  0.5759  0.2588  0.4037  0.6628  0.0207  0.001976
epoch:  69  0.4780  0.6566  0.5258  0.1413  0.3244  0.5746  0.4261  0.5742  0.5820  0.2496  0.4277  0.6707  0.0201  0.001903
epoch:  70  0.4759  0.6520  0.5228  0.1493  0.3288  0.5689  0.4198  0.5699  0.5775  0.2557  0.4246  0.6587  0.0201  0.001836
epoch:  71  0.4754  0.6517  0.5248  0.1378  0.3281  0.5688  0.4263  0.5695  0.5771  0.2633  0.4235  0.6598  0.0197  0.001776
epoch:  72  0.4788  0.6548  0.5292  0.1492  0.3120  0.5775  0.4256  0.5729  0.5797  0.2602  0.4059  0.6683  0.0200  0.001721
epoch:  73  0.4800  0.6548  0.5283  0.1543  0.3189  0.5785  0.4257  0.5731  0.5809  0.2638  0.4216  0.6661  0.0198  0.001673
epoch:  74  0.4796  0.6540  0.5247  0.1833  0.3152  0.5754  0.4218  0.5712  0.5780  0.2696  0.4191  0.6613  0.0194  0.001631
epoch:  75  0.4791  0.6522  0.5231  0.1313  0.3059  0.5781  0.4258  0.5696  0.5767  0.2484  0.4014  0.6648  0.0199  0.001595
epoch:  76  0.4799  0.6535  0.5301  0.1478  0.3242  0.5740  0.4229  0.5739  0.5815  0.2363  0.4297  0.6649  0.0195  0.001566
